16457.22
107 28 83
143 12 81
142 50 2
188 15 152
156 23 80
19 113 133
14 150 165
36 199 195
26 96 173
14 141 181
54 128 99
80 123 115
32 52 146
87 133 93
29 199 4
80 174 164
87 164 175
73 152 150
18 155 130
7 152 97
20 128 166
130 131 181
162 123 155
192 101 161
199 185 53
56 151 137
44 126 142
4 153 105
29 101 92
43 47 8
30 130 26
8 79 134
69 91 172
33 192 37
123 86 46
159 166 36
182 195 93
178 165 70
182 178 194
161 173 180
179 103 194
195 70 169
198 94 180
157 79 113
181 53 101
173 6 72
114 107 53
52 108 5
61 46 54
106 165 17
96 185 5
120 117 17
100 135 23
137 130 6
35 67 51
28 43 62
134 68 80
124 13 38
28 29 17
52 111 114
48 145 88
30 140 171
14 119 130
69 80 141
154 190 61
156 178 21
171 119 49
144 93 116
155 23 140
40 15 123
78 32 199
33 4 106
12 6 166
14 6 104
64 69 43
69 148 25
136 142 27
118 123 67
92 144 25
48 175 21
45 190 16
101 138 134
99 98 103
114 134 55
199 176 30
101 161 47
146 145 56
174 23 172
193 79 189
189 165 126
159 192 89
185 115 150
116 87 128
69 23 65
30 63 149
61 19 119
51 45 39
18 11 94
123 44 67
128 97 68
119 75 104
136 85 169
181 86 178
137 65 199
58 153 152
33 124 183
26 175 64
160 165 116
175 61 163
45 18 186
25 85 184
50 141 172
128 179 41
167 174 56
163 139 14
148 115 11
30 101 39
192 124 67
166 67 3
155 64 14
35 21 36
38 18 131
193 35 176
194 9 77
159 22 118
118 21 104
63 75 93
55 58 112
59 98 93
38 64 86
94 81 113
175 101 135
171 101 165
134 35 79
141 55 59
182 21 6
144 14 46
159 65 16
174 181 22
187 144 119
130 95 151
126 74 104
138 46 38
176 59 27
122 5 142
113 17 145
190 38 145
118 157 176
97 150 172
1 67 44
34 130 52
23 186 35
75 191 17
24 157 28
20 116 32
66 139 30
74 197 72
173 5 199
181 148 150
137 135 199
159 109 164
113 172 28
136 187 82
191 119 88
144 131 73
155 170 168
185 86 36
96 33 57
15 13 13
43 95 0
102 194 11
196 127 2
148 136 40
152 118 11
8 182 76
25 153 23
25 187 51
95 153 32
119 136 65
88 185 93
116 173 56
71 138 164
85 126 170
62 191 151
113 158 183
78 20 97
165 96 108
113 18 129
152 98 3
119 92 26
188 52 28
153 134 97
146 188 101
159 180 71
164 86 58
167 100 35
135 151 49
117 120 164
71 188 172
83 16 73
107 28 83
